Telemove
351912429336
251404308
282968478
351912304774
932640117
966372208
+351 961 521 341
34646040908
555199661725
554797316443
+55(21)97610-7007
5511982165588
351223745520
966008853
351934732171
351938646112
244923560435
968489449
+1(646)723-0200
351919519073
351919519073
917502286
919458585
351934722634
+55(11)8123-1010
5521996077534
5521996077534
932642342
351913992167
351913992167
351913992167
+351 916 053 145
919378234
351916994039
5531991678700
351914288133
5571999817151
919585300
+351 917 521 353
41763344303
351938280052
960475364
917716060
213958302
213958302
919994121
+351 968 087 256
925665086
917855208
91161753
351912513844
34620561467
34981592333
351938399039
932642890
351916546521
938849131
+351 932 342 011
913347458
919716766
911786384
911786384
351965000161
351963229984
967141989
351938624554
351915711116
912590234
935503131
916632767
962742002
351916116938
351916116938
351916116938
351961370447
351914912666
+55(11)99475-1872
932642754
917302074
913777539
961210827
351961210827
351914509926
351914149308
554899270662
+551194270-5151
961315420
961786874
915337689
915337689
+351 919 380 352
351919380352
351936290704
917223808
5571991439248
+55(11)95498-7541
5511981467484
239402719
5511983440246
+55(11)97502-8844
351919558916
351919558916
34672653722
919871481
351965229611
5521996053457
351968902872
962056224
965391534
351933746104
351933746104
351933746104
5521993148222
351918786424
351918786424
+351 910 266 324
+351 917 209 625
351910117786
933831655
919605242
351963559195
351963559195
919781749
34697302852
351963201791
351963229654
351919178830
351919758757
966973301
+55(11)3647-5027
+55(11)3647-5027
351961696000
1696
351913921839
5511981575784
918141155
+552196983-6050
210312826
919244773
962508177
919899918
34697826096
351964095053
351964095053
351925771173
919843769
351919565781
351919565781
351910362210
525554121507
+351 919 206 273
351916401357
351911147292
919991058
525566725545
965443800
963001558
918647581
309854695
962075002
926651504
226080030
33645151325
5531992373431
5531992373431
961211001
963195834
351225103280
919217528
939276589
961037047
+351 964 939 184
919187022
351918966698
5521988015555
351229350062
351217813080
918789600
+55(11)5181-2318
+55(21)97422-4110
+55(21)2584-6339
+55(11)3818-0871
+55(21)2532-0755
+55(21)2432-6644
312188333100
+55(21)9327-0568
+55(21)2584-6339
+55(21)2550-9223
+55(21)2550-9223
+55(21)98152-7428
+55(21)7410-5537
+55(21)99555-3362
936270343
939996480
244938021143
+55(14)99666-9994
5521997083630
5521997083630
351932642913
+1(646)280-8935
+55(31)98673-0354
351965716615
914008390
351966870596
351966870596
351917645633
932642367
5511985852628
351935321193
5511982139298
226006669
+55(11)3818-8999
5511975890732
351967822575
966905494
910701554
910701554
917663750
917624015
351927704588
913068675
913068675
351967384368
351965149790
5571992110311
933874268
+351 961 766 770
968902500
968658971
968583422
963042453
968776567
917184075
968690309
919358432
+551198771-8384
917291035
351961703071
5521992935665
939249613
351969033903
966809213
351912234391
+351 925 485 828
963819520
961695132
+55(48)3112-2450
+55(31)99764-0064
961622377
33608317000
213841810
224006042
+351 225 020 636
351224960063
351966030835
936784232
5511983155660
351926525657
351707292707
351962413253
917192513
913086888
351937790006
919372342
917095970
351913611929
351917057421
351917057421
964649871
917884590
937786875
351939097016
939312449
917223387
351964131836
919190798
+1(305)205-2703
966930239
351917892223
5521999717058
5521999717058
918143577
913584682
351912592532
917982338
351913059515
351966578792
351966578792
966906321
966450462
916894550
916894550
5511994414105
936812220
351969843251
911038803
911038803
5521980915111
961350591
351914443930
+52(1)5523004865
963093859
5521999115579
5521999115579
912577788
912577788
912577788
+55(21)97202-1602
913890221
5531996496579
968226279
969660241
919425807
351258900400
220911001
220911001
965920640
967673385
707100170
707100170
707100170
916161288
939687401
932148809
913456400
351967802253
912100467
351962454713
226006546
226006546
351913467996
919802454
5521994056789
912633794
910882820
351936829277
351936829277
351936829277
351914413199
351914413199
+351 914 144 837
932680290
351937850914
232410060
232410060
222004307
933493008
912251361
917546457
+55(21)97594-8418
918144641
915351643
915351643
934364799
351917293774
963507020
966398045
964040316
937850237
85296424305
965967000
558596398349
243700720
964479575
351926217293
932135457
351916583281
917839955
+55(11)2361-1463
+55(11)93508-4534
910193753
+55(54)8134-5902
5521986976211
+55(11)7757-7906
+55(11)7757-7906
351962003754
934954878
351912252748
962004121
351916809109
351917955558
447976423015
351936019516
351966227560
351966227560
94545054
351917563873
968563375
919754991
351933471183
+55(11)9454-5054
+55(11)3141-9443
+55(11)3141-9443
351917613903
351916113440
351916116939
351916116939
351916116939
936019537
+551199189-4189
914002628
351917244041
351917244041
962568816
351919950640
351964093779
351917237058
(11)95492-7722
+55(21)8102-1019
26497952
26497952
351939105695
914003285
914494229
915091016
915091016
914054946
914054946
+55(48)99923-9952
351925200371
351919021151
+55(31)99106-6640
+351 918 118 513
351916486392
351912187631
554891367294
933190917
+351 918 143 453
968350693
5561992231685
5561992231685
351925907501
222003656
222003656
918080229
431369799023
935191500
351962506752
910013404
351917583177
351914419194
+351 914 419 194
351934683391
919778746
934003636
+55 (11) 98609-5921
+55(11)98609-5921
+55(11)98609-5921
213817400
+55618412-9781
552122943206
961370445
351961359722
5521993851140
5521993851140
351961934169
5521999662372
91994101
447715307367
351933802354
5531999550457
351968493233
351913706122
914033800
5521981112018
+55 11 99974‑0219
351915421027
351961722751
351938501001
919408284
351939083600
968033300
967076210
927997641
5531986341825
351965030802
351932002971
351932002971
962734760
962686863
935555666
+351 932 992 533
937321415
963935447
966902819
351912227019
351918963445
968493053
351936126619
351934058388
916478747
911018837
937850405
351939239736
931112932
351918730304
935103930
351965836121
210010776
34945011084
34945011084
910880574
919716617
289396674
289396674
916153193
916153193
914112610
351916548043
351916688871
966902036
+55(21)97572-0062
351919835615
351939103586
351911085522
351932642877
919809246
351919780360
351919868739
351917505179
351917505179
351910731176
5521965049215
351933001452
19179759544
5511913047887
5521984063085
5521984063085
5219933181700
258743620
258743620
+351 226 196 954
351932723447
351937850904
5511981499455
351913272477
351965047650
525532051311
5521997930803
81110025
258900240
913770084
917888498
+351 937 204 492
351926539293
962915293
964257170
917824633
964868219
351935570039
351967432457
351967432457
351967036949
+55479918-7714
911808158
+55(41)3094-1500
+55(41)3094-1500
918167760
+55(31)99915-0912
+552198029-6555
+55(24)99911-9900
919798884
938482031
+55(31)99612-2339
963017926
933256124
939030044
912188111
912188111
912188111
5531997241769
351937585794
558198012912
5531992540202
5531991054675
289393438
351919583018
351919583018
917767958
918023577
936055313
+852 9120 1231
218929100
218929100
226072500
919210991
919004717
85366667897
965781136
351917550000
913815933
961219519
915333130
915333130
915333130
351933200032
351937850325
+351 966 190 961
351919298771
351919671709
351919671709
+55 11 99999‑8191
35894342710
939239718
932565816
963089497
351913983424
351962628617
962076710
961382631
351961332251
913608695
939778060
351962240000
351936426027
912203794
351968928023
351968928023
918717863
962148494
351967036100
962526048
351914566816
912230691
939311078
351291211600
351915253077
351932514520
351932514520
917571521
351915072726
351915072726
351939711007
351914542124
+55 (48) 9926-9929
919805080
925486636
918180931
351916633280
351910723448
965986900
917313209
351937850760
351966325126
351914033235
969860051
351937850915
351937790005
351937790005
919779586
351913963155
925966342
351937466074
913780330
351917124781
351912286797
934041413
938436390
351914393304
967017494
935100816
351962104230
934382041
351936270343
351914919107
351919796498
351919356526
351937850906
351917240434
351916253883
964628169
966015256
351961533063
351965431386
351917526578
351917631353
937202666
967032498
936147753
351917526578
965057967
5511987195147
351918794816
351914058161
351913450216
351917531342
447811613920
351917229097
351917229097
211140516
211140516
936019583
351912286870
912286870
351917799693
+351 967 121 031
351962011478
351962011478
351962011478
351912871137
918101882
961312717
351913779911
917958078
34652941505
917390567
351969514862
917621968
937628723
351917345325
351968024458
5511999785347
351912358585
351916569441
351916569441
+351 939 506 699
351939903511
962015936
961981900
351939981218
917512134
351932722700
915363740
915363740
351968115570
968563214
934015442
244923313402
932732982
351962805679
351912269988
351962058877
965416630
+55(81)9724-4770
+351 917 604 284
912477320
913076567
969030441
961521338
962920627
351962505524
351961359721
938 424 684
351927813660
351927813660
34619101156
351961370446
934390448
34696761756
967651300
351934109611
351934109611
351916188268
914299460
351936019536
351936019536
351912931776
351968491330
351968491330
351968491330
5531997680808
934491906
34605779723
351967636621
917243337
5531995237388
+55(21)98357-1846
5511994086256
351919004901
969570878
351969825279
351969825279
+1(484)479-4836
351913729296
351963208814
258822848550
+33 1 40 39 09 00
+556199946-3959
6181221574
+55(31)97109-9741
5531998191105
+351 917 555 027
351917555027
964800926
351961352190
937850907
914211121
351966526636
966526636
351961359722
926949897
220996711
937782054
962984194
+55 (11) 3647-9299
351926533383
919716290
919850229
913463155
913463155
351932642431
351932642431
351919066242
351919066242
5521994585508
+7906749-03-69
963177621
351962536420
351962536420
5521988231114
5521988231114
+351 912 899 446
351913683560
916186611
914500414
914500414
351934823061
938802111
+351 965 057 735
351965057735
+55(31)99822-4682
351966047529
351966630933
351917235359
351911742857
916186517
916186517
916186517
555499723331
915602128
351911525172
962830763
351960294749
351960294749
913062317
913062317
351917277790
351938898885
351969030540
351969030540
911965767
351961733144
351928258201
938897975
962955561
962192117
351965525161
963229903
34986614083
+351 966 824 301
351966824301
+351 916 167 623
351916167623
351935255012
5511943841686
5511986741896
229545662
229545662
915343543
915343543
351962330566
4570111511
939316956
351966203926
961876992
351961876992
351937790064
924407134
351916082272
351917302074
351967030935
5511982815051
917510047
351915399115
932408083
551199019899
351968021267
+351 964 660 072
351931458703
351937572509
968776521
351910513774
351910513774
915347555
351934197537
351936148507
966043611
34618001477
910019480
5511981184482
+55(11)9533-8868
+55(21)9761-6561
+55(21)9761-6561
+55(21)9761-6561
56992574646
+55(11)9622-2022
5521988824662
351965405273
351919998880
351916606575
352661516222
+55 (31) 8839-3341
936146373
964772579
917267188
+55(31)9363-8285
962718775
351968010563
351939988140
351915495399
351967338095
+351 939 388 549
351927140044
914656528
914656528
+351 914 501 302
961321819
937262055
917563824
+351 963 388 986
351963388986
913470336
913470336
919970695
915232537
351966203926
939442090
351917111124
916606576
915351544
351918609995
351934782655
351934982725
351917586316
351912304517
912745872
913771843
916258948
+55 71 9606‑4828
+55719606‑4828
351967031465
351918823475
351913765787
5531991437482
+55(21)98155-6000
5531988011616
351911946965
919559529
351925648032
351961315423
351917775556
351916417835
351916486198
918969298
351964957341
351964957341
969027640
969059324
351937047655
+351 916 399 912
351924448994
913157713
962478039
915224044
351935474016
914103933
5531999741112
351936888795
351962200
351962200
917495841
244937081138
244937081138
244937081138
5521992834930
917529388
939985889
+55(54)98111-6852
351917391518
935040047
351910796150
351918726849
918187966
351965823288
969842625
351919923508
912585446
351918796452
351939959243
919354544
351918115051
351918115051
351918115051
19179139064
351933282221
912896714
31653721392
31653721392
913779823
351919920711
351914280093
351938717940
351916823374
969855250
351935418457
447977072664
5521988970428
5532988004659
962124629
910307576
961789439
244921600400
968339971
5521999846090
5521999846090
229578910
5511998887897
5511998887897
+55(51)99856-4097
351919144637
351962386860
912850614
34651570869
351962851853
351962851853
965670833
351913457221
5521999223125
351938399345
918879146
5521982109123
351962240100
351961695767
351969429939
351939959241
351937340394
351969833664
917222798
918780567
966651786
917222658
912585099
912585099
962704795
351967627692
351967627692
351917850058
931013496
351917023127
351917023127
351932706000
351939687404
965091987
351963203630
351967144023
914461358
351911999902
962372864
351938851857
351938851857
917736916
939166992
5521999001032
917221720
351912725640
351939226767
351961277270
351938743677
935545795
351969003637
351969003637
351969003637
351966030422
34682602639
34682602639
+56 9 9429 2514
351919477682
34986600300
351967601362
919606018
351967357858
351961039211
554299710230
351935474117
5531999845418
916202260
351962449286
+55 41 9665‑6719
+55419665‑6719
5531991187259
351926488340
932004811
+55(11)97305-8403
33603787405
554999699777
351969019607
916070200
963030277
5511995435115
351932476776
917501310
936388472
963840033
351939839962
351919001319
917522437
912552175
351917270504
351914413502
917631648
917278464
916481404
926791041
962036156
5521993757580
5521993757580
912583635
917615978
351966905807
351966348300
962143235
935608787
351932470907
351967611480
351967611480
917309319
351917256600
351917190607
351961521336
935255013
916617689
+351 962 374 532
351962374532
351912538484
351912538484
351912538484
965011806
351938041391
916559523
916746326
966089116
351936835988
918865861
351938126861
917568933
919912098
351917377539
351917377539
+552199801-8260
5521992550878
351934152848
351934152848
351934152848
932569654
351961370444
351961359720
917843305
351914409154
917541548
34635592215
34635592215
351934634611
351934634611
351939354662
918114994
351919904025
966122800
939270001
351961039192
351961039192
351961039192
351915650606
351915650606
351914393047
351914024722
87534745
34938833045
34667571372
351913382966
351964450552
351910567334
351910567334
919805068
*#123*99#
34986857266
213136114
30235509
30235509
919187031
937533256
965987900
351967608409
5521966900676
5511998731686
5511984896434
936615888
351962628309
351962628309
554899284550
969860056
229363706
351968749307
214141859
554388156103
932642924
969011298
+55418808-1616
916610702
939559990
351964444880
917719447
351938399041
525626284500
351939716192
966225557
+55(11)7641-7472
5511940034924
+55(11)8272-6523
918990088
5524998443788
33140390900
33140390900
258742316
211992369
915669716
915669716
282639016
252911700
214602023
220114266
929331077
+55(11)3285-3346
351932003992
5571988001131
351965010469
351965010469
351938399449
969886750
351968428922
927437398
351918747174
351961775437
965003504
351936868614
351961623089
964303462
939011476
+351 966 370 172
916637178
937850445
+55(21)99664-8123
+552199343-9643
351917587799
351914464625
526461485293
351963937268
351963937268
351939696967
966205916
351926947550
5521980986227
351910745662
351967791605
351919311687
914193639
929247955
+44(0)7966966558
239798918
239793990
239793990
553199817100
351963906834
351917942076
351917942076
+351 964 707 641
910105168
910105168
351933011525
351916982499
351963029242
351917226738
935463940
351916181964
351916181964
917323348
351917892013
914323878
351934455571
351936522378
351937935596
934257587
917599368
351962423367
912495021
351966039571
919592318
962740324
933770279
966061836
211106020
211106020
*#123#
5521998857776
965630459
+55(61)9634-0110
821087101270
+55489625-2442
351914500005
913035603
351966363854
289394521
289394521
289394521
+55(11)96160-6010
351913169619
351966389549
351938816595
924362648
912790405
351963029243
351962853358
351962853358
+552198283-9826
917360755
351919425807
351961354390
351913315030
935825498
912238622
916483305
916483305
925637602
939959160
351967160443
351969185484
912347591
+551195151-7498
351918212973
214179471
351916229488
351963807162
919212531
918331943
351967816414
351966866550
351964246678
351914053882
351926525657
919148847
351934966639
351918129826
351918129826
910220268
967735329
351910695718
351916352566
214665890
351962280000
962655204
914413502
220156848
917618374
+55(24)99305-5440
351936615140
351936615140
+55(11)99945-1220
+55(11)99945-1220
914059696
351912179204
963569015
351963874107
960477733
961380520
935398320
351936237138
5531996811337
210998700
351966229051
916614835
964401163
+552198183-6498
351926534445
351926534445
5531999591099
961350889
351226188328
351226188328
229396900
915858869
968520064
937781166
351929026681
234329500
234329500
910246222
912501883
912501883
351934491901
965394254
351962011966
351933263132
932101718
916650611
916027353
919552620
351964526156
919739990
969261003
935535625
351966653693
351914197254
351967955528
965981400
351913541830
351925381687
351925381687
963043766
962446216
34646591805
226156253
351912227790
+55(11)3089-8855
351916006654
351926822257
+853 6688 6882
00 351 961 530 649
351961530649
351937352094
+55(11)99498-9822
5548999284550
965916800
961014778
245302026
245302026
915333114
965930800
211140511
967613210
5511992178584
5511992178584
551133730301
961729144
+551197367-2192
919593249
919316160
937311811
+551198330-3992
+551198330-3992
914206772
351935539239
351919577377
351917895538
351926220355
936272218
351969019974
289367129
289367129
927998706
351918209240
56989230460
56989230460
351910957936
966392891
225191800
282310114
5511972741301
967143958
962001920
5511970277136
962628309
916639277
351913170487
351936172737
969189757
918620265
+351 932 555 101
912352258
938201293
351918139414
933844640
351913885773
351931331330
35160962000000
78372998
925478141
965820048
351924447656
289380848
351915575887
34628093729
34670622949
+44(0)7817024038
965376120
915840146
351919569500
351919569500
34654083245
*111#
