351912429336
351251404308
351282968478
351912304774
351932640117
351966372208
351961521341
351223745520
351966008853
351934732171
351938646112
351968489449
351919519073
351917502286
351919458585
351934722634
351932642342
351913992167
351916053145
351919378234
351916994039
351914288133
351919585300
351917521353
351938280052
351960475364
351917716060
351213958302
351919994121
351968087256
351925665086
351917855208
351912513844
351938399039
351932642890
351916546521
351938849131
351932342011
351913347458
351919716766
351911786384
351965000161
351963229984
351967141989
351938624554
351915711116
351912590234
351935503131
351916632767
351962742002
351916116938
351961370447
351914912666
351932642754
351917302074
351913777539
351961210827
351914509926
351914149308
351961315420
351961786874
351915337689
351919380352
351936290704
351917223808
351239402719
351919558916
351919871481
351965229611
351968902872
351962056224
351965391534
351933746104
351918786424
351910266324
351917209625
351910117786
351933831655
351919605242
351963559195
351919781749
351963201791
351963229654
351919178830
351919758757
351966973301
351961696000
351913921839
351918141155
351210312826
351919244773
351962508177
351919899918
351964095053
351925771173
351919843769
351919565781
351910362210
351919206273
351916401357
351911147292
351919991058
351965443800
351963001558
351918647581
351962075002
351926651504
351226080030
351961211001
351963195834
351225103280
351919217528
351939276589
351961037047
351964939184
351919187022
351918966698
351229350062
351217813080
351918789600
351936270343
351939996480
351932642913
351965716615
351914008390
351966870596
351917645633
351932642367
351935321193
351226006669
351967822575
351966905494
351910701554
351917663750
351917624015
351927704588
351913068675
351967384368
351965149790
351933874268
351961766770
351968902500
351968658971
351968583422
351963042453
351968776567
351917184075
351968690309
351919358432
351917291035
351961703071
351939249613
351969033903
351966809213
351912234391
351925485828
351963819520
351961695132
351961622377
351213841810
351224006042
351225020636
351224960063
351966030835
351936784232
351926525657
351962413253
351917192513
351913086888
351937790006
351919372342
351917095970
351913611929
351917057421
351964649871
351917884590
351937786875
351939097016
351939312449
351917223387
351964131836
351919190798
351966930239
351917892223
351918143577
351913584682
351912592532
351917982338
351913059515
351966578792
351966906321
351966450462
351916894550
351936812220
351969843251
351911038803
351961350591
351914443930
351963093859
351912577788
351913890221
351968226279
351969660241
351919425807
351258900400
351220911001
351965920640
351967673385
351916161288
351939687401
351932148809
351913456400
351967802253
351912100467
351962454713
351226006546
351913467996
351919802454
351912633794
351910882820
351936829277
351914413199
351914144837
351932680290
351937850914
351232410060
351222004307
351933493008
351912251361
351917546457
351918144641
351915351643
351934364799
351917293774
351963507020
351966398045
351964040316
351937850237
351965967000
351243700720
351964479575
351926217293
351932135457
351916583281
351917839955
351910193753
351962003754
351934954878
351912252748
351962004121
351916809109
351917955558
351936019516
351966227560
351917563873
351968563375
351919754991
351933471183
351917613903
351916113440
351916116939
351936019537
351914002628
351917244041
351962568816
351919950640
351964093779
351917237058
351939105695
351914003285
351914494229
351915091016
351914054946
351925200371
351919021151
351918118513
351916486392
351912187631
351933190917
351918143453
351968350693
351925907501
351222003656
351918080229
351935191500
351962506752
351910013404
351917583177
351914419194
351934683391
351919778746
351934003636
351213817400
351961370445
351961359722
351961934169
351933802354
351968493233
351913706122
351914033800
351915421027
351961722751
351938501001
351919408284
351939083600
351968033300
351967076210
351927997641
351965030802
351932002971
351962734760
351962686863
351935555666
351932992533
351937321415
351963935447
351966902819
351912227019
351918963445
351968493053
351936126619
351934058388
351916478747
351911018837
351937850405
351939239736
351931112932
351918730304
351935103930
351965836121
351210010776
351910880574
351919716617
351289396674
351916153193
351914112610
351916548043
351916688871
351966902036
351919835615
351939103586
351911085522
351932642877
351919809246
351919780360
351919868739
351917505179
351910731176
351933001452
351258743620
351226196954
351932723447
351937850904
351913272477
351965047650
351258900240
351913770084
351917888498
351937204492
351926539293
351962915293
351964257170
351917824633
351964868219
351935570039
351967432457
351967036949
351911808158
351918167760
351919798884
351938482031
351963017926
351933256124
351939030044
351912188111
351937585794
351289393438
351919583018
351917767958
351918023577
351936055313
351218929100
351226072500
351919210991
351919004717
351965781136
351917550000
351913815933
351961219519
351915333130
351933200032
351937850325
351966190961
351919298771
351919671709
351939239718
351932565816
351963089497
351913983424
351962628617
351962076710
351961382631
351961332251
351913608695
351939778060
351962240000
351936426027
351912203794
351968928023
351918717863
351962148494
351967036100
351962526048
351914566816
351912230691
351939311078
351291211600
351915253077
351932514520
351917571521
351915072726
351939711007
351914542124
351919805080
351925486636
351918180931
351916633280
351910723448
351965986900
351917313209
351937850760
351966325126
351914033235
351969860051
351937850915
351937790005
351919779586
351913963155
351925966342
351937466074
351913780330
351917124781
351912286797
351934041413
351938436390
351914393304
351967017494
351935100816
351962104230
351934382041
351914919107
351919796498
351919356526
351937850906
351917240434
351916253883
351964628169
351966015256
351961533063
351965431386
351917526578
351917631353
351937202666
351967032498
351936147753
351965057967
351918794816
351914058161
351913450216
351917531342
351917229097
351211140516
351936019583
351912286870
351917799693
351967121031
351962011478
351912871137
351918101882
351961312717
351913779911
351917958078
351917390567
351969514862
351917621968
351937628723
351917345325
351968024458
351912358585
351916569441
351939506699
351939903511
351962015936
351961981900
351939981218
351917512134
351932722700
351915363740
351968115570
351968563214
351934015442
351932732982
351962805679
351912269988
351962058877
351965416630
351917604284
351912477320
351913076567
351969030441
351961521338
351962920627
351962505524
351961359721
351938424684
351927813660
351961370446
351934390448
351967651300
351934109611
351916188268
351914299460
351936019536
351912931776
351968491330
351934491906
351967636621
351917243337
351919004901
351969570878
351969825279
351913729296
351963208814
351917555027
351964800926
351961352190
351937850907
351914211121
351966526636
351926949897
351220996711
351937782054
351962984194
351926533383
351919716290
351919850229
351913463155
351932642431
351919066242
351963177621
351962536420
351912899446
351913683560
351916186611
351914500414
351934823061
351938802111
351965057735
351966047529
351966630933
351917235359
351911742857
351916186517
351915602128
351911525172
351962830763
351960294749
351913062317
351917277790
351938898885
351969030540
351911965767
351961733144
351928258201
351938897975
351962955561
351962192117
351965525161
351963229903
351966824301
351916167623
351935255012
351229545662
351915343543
351962330566
351939316956
351966203926
351961876992
351937790064
351924407134
351916082272
351967030935
351917510047
351915399115
351932408083
351968021267
351964660072
351931458703
351937572509
351968776521
351910513774
351915347555
351934197537
351936148507
351966043611
351910019480
351965405273
351919998880
351916606575
351936146373
351964772579
351917267188
351962718775
351968010563
351939988140
351915495399
351967338095
351939388549
351927140044
351914656528
351914501302
351961321819
351937262055
351917563824
351963388986
351913470336
351919970695
351915232537
351939442090
351917111124
351916606576
351915351544
351918609995
351934782655
351934982725
351917586316
351912304517
351912745872
351913771843
351916258948
351967031465
351918823475
351913765787
351911946965
351919559529
351925648032
351961315423
351917775556
351916417835
351916486198
351918969298
351964957341
351969027640
351969059324
351937047655
351916399912
351924448994
351913157713
351962478039
351915224044
351935474016
351914103933
351936888795
351917495841
351917529388
351939985889
351917391518
351935040047
351910796150
351918726849
351918187966
351965823288
351969842625
351919923508
351912585446
351918796452
351939959243
351919354544
351918115051
351933282221
351912896714
351913779823
351919920711
351914280093
351938717940
351916823374
351969855250
351935418457
351962124629
351910307576
351961789439
351968339971
351229578910
351919144637
351962386860
351912850614
351962851853
351965670833
351913457221
351938399345
351918879146
351962240100
351961695767
351969429939
351939959241
351937340394
351969833664
351917222798
351918780567
351966651786
351917222658
351912585099
351962704795
351967627692
351917850058
351931013496
351917023127
351932706000
351939687404
351965091987
351963203630
351967144023
351914461358
351911999902
351962372864
351938851857
351917736916
351939166992
351917221720
351912725640
351939226767
351961277270
351938743677
351935545795
351969003637
351966030422
351919477682
351967601362
351919606018
351967357858
351961039211
351935474117
351916202260
351962449286
351926488340
351932004811
351969019607
351916070200
351963030277
351932476776
351917501310
351936388472
351963840033
351939839962
351919001319
351917522437
351912552175
351917270504
351914413502
351917631648
351917278464
351916481404
351926791041
351962036156
351912583635
351917615978
351966905807
351966348300
351962143235
351935608787
351932470907
351967611480
351917309319
351917256600
351917190607
351961521336
351935255013
351916617689
351962374532
351912538484
351965011806
351938041391
351916559523
351916746326
351966089116
351936835988
351918865861
351938126861
351917568933
351919912098
351917377539
351934152848
351932569654
351961370444
351961359720
351917843305
351914409154
351917541548
351934634611
351939354662
351918114994
351919904025
351966122800
351939270001
351961039192
351915650606
351914393047
351914024722
351913382966
351964450552
351910567334
351919805068
351213136114
351919187031
351937533256
351965987900
351967608409
351936615888
351962628309
351969860056
351229363706
351968749307
351214141859
351932642924
351969011298
351916610702
351939559990
351964444880
351917719447
351938399041
351939716192
351966225557
351918990088
351258742316
351211992369
351915669716
351282639016
351252911700
351214602023
351220114266
351929331077
351932003992
351965010469
351938399449
351969886750
351968428922
351927437398
351918747174
351961775437
351965003504
351936868614
351961623089
351964303462
351939011476
351966370172
351916637178
351937850445
351917587799
351914464625
351963937268
351939696967
351966205916
351926947550
351910745662
351967791605
351919311687
351914193639
351929247955
351239798918
351239793990
351963906834
351917942076
351964707641
351910105168
351933011525
351916982499
351963029242
351917226738
351935463940
351916181964
351917323348
351917892013
351914323878
351934455571
351936522378
351937935596
351934257587
351917599368
351962423367
351912495021
351966039571
351919592318
351962740324
351933770279
351966061836
351211106020
351965630459
351914500005
351913035603
351966363854
351289394521
351913169619
351966389549
351938816595
351924362648
351912790405
351963029243
351962853358
351917360755
351961354390
351913315030
351935825498
351912238622
351916483305
351925637602
351939959160
351967160443
351969185484
351912347591
351918212973
351214179471
351916229488
351963807162
351919212531
351918331943
351967816414
351966866550
351964246678
351914053882
351919148847
351934966639
351918129826
351910220268
351967735329
351910695718
351916352566
351214665890
351962280000
351962655204
351220156848
351917618374
351936615140
351914059696
351912179204
351963569015
351963874107
351960477733
351961380520
351935398320
351936237138
351210998700
351966229051
351916614835
351964401163
351926534445
351961350889
351226188328
351229396900
351915858869
351968520064
351937781166
351929026681
351234329500
351910246222
351912501883
351934491901
351965394254
351962011966
351933263132
351932101718
351916650611
351916027353
351919552620
351964526156
351919739990
351969261003
351935535625
351966653693
351914197254
351967955528
351965981400
351913541830
351925381687
351963043766
351962446216
351226156253
351912227790
351916006654
351926822257
351961530649
351937352094
351965916800
351961014778
351245302026
351915333114
351965930800
351211140511
351967613210
351961729144
351919593249
351919316160
351937311811
351914206772
351935539239
351919577377
351917895538
351926220355
351936272218
351969019974
351289367129
351927998706
351918209240
351910957936
351966392891
351225191800
351282310114
351967143958
351962001920
351916639277
351913170487
351936172737
351969189757
351918620265
351932555101
351912352258
351938201293
351918139414
351933844640
351913885773
351931331330
351925478141
351965820048
351924447656
351289380848
351915575887
351965376120
351915840146
351919569500
